1.2227248876656529e-15
9.16907684306964e-16
6.875875344391129e-16
5.156177614098534e-16
3.8666939332190367e-16
2.899702250853365e-16
2.174671942223448e-16
1.6312017481264462e-16
1.224000092897383e-16
9.193783353466776e-17
6.919282699032861e-17
5.232506738671905e-17
3.987486372193431e-17
3.081246672774058e-17
2.4256914601825447e-17
1.957977766421344e-17
1.622869773260484e-17
1.3815247090275911e-17
1.2066168963169771e-17
1.0628014269573388e-17
9.260000085981224e-18
7.851348966946281e-18
6.460625210762099e-18
5.525999603673734e-18
5.697452824642413e-18
