3.866595596796985e-15
2.899516686520633e-15
2.1743426995670625e-15
1.6305265280924088e-15
1.2227559843727165e-15
9.169663649013563e-16
6.876916501088189e-16
5.158312847327867e-16
3.8706281498134157e-16
2.907329571109591e-16
2.1880693103541185e-16
1.654663916638267e-16
1.2609539075013142e-16
9.743757518781555e-17
7.670709914996477e-17
6.191669349860596e-17
5.131964829344152e-17
4.3687647243285716e-17
3.815657655604882e-17
3.360873209662268e-17
2.9282691405055696e-17
2.4828145440360307e-17
2.0430290774713613e-17
1.7474745096796767e-17
1.801692778722993e-17
