3.866595040592822e-16
2.8995048104734017e-16
2.1743419664412943e-16
1.6305271599246242e-16
1.222737352732435e-16
9.169616465054405e-17
6.876887783335118e-17
5.1582175631413896e-17
3.870600503103742e-17
2.9073372488568364e-17
2.188051807116457e-17
1.6546445332122534e-17
1.2609617339514544e-17
9.743804469396418e-18
7.670626753451683e-18
6.191634652798357e-18
5.131982557607255e-18
4.368745786734576e-18
3.8156083044902475e-18
3.3608674687129572e-18
2.928250262561811e-18
2.48277822621695e-18
2.0430363848792853e-18
1.7474880572922626e-18
1.8017262105042025e-18
