1.2227036266999267e-16
9.169035348580313e-17
6.875904848455468e-17
5.156165721391135e-17
3.8666354160041546e-17
2.899688896018362e-17
2.174651286818858e-17
1.6311744951244042e-17
1.2239833126084162e-17
9.193828240659673e-18
6.919289763229987e-18
5.232451095287302e-18
3.987461647849793e-18
3.081204537022485e-18
2.425694006659618e-18
1.957954810562063e-18
1.6228475162843668e-18
1.3815254948720906e-18
1.206604918448781e-18
1.0627840387010164e-18
9.259819054931915e-19
7.85122848377581e-19
6.460503612229129e-19
5.526174590149199e-19
5.697481847816251e-19
