3.8665493848528985e-17
2.8994984579704776e-17
2.174314841330103e-17
1.6305183206259537e-17
1.2227359179806097e-17
9.169616743706546e-18
6.876928318830255e-18
5.158246603894444e-18
3.8706038289052444e-18
2.907336514883171e-18
2.1880386801160775e-18
1.6546370632608432e-18
1.260939280315166e-18
9.743573774671956e-19
7.670577503077055e-19
6.191573575369588e-19
5.131904125080346e-19
4.368789689994885e-19
3.8156875495059565e-19
3.360827850792964e-19
2.9282331343154995e-19
2.4828242124071505e-19
2.0430497761210927e-19
1.7474920950158536e-19
1.8016893959068418e-19
