3.866615338728233751e-09
2.899559840028686598e-09
2.174362895789245798e-09
1.630546666895378547e-09
1.222756566459730926e-09
9.169752574580265700e-10
6.876998637617638021e-10
5.158325052502729640e-10
3.870640932849188043e-10
2.907383546099809641e-10
2.188076103101286960e-10
1.654673563156178684e-10
1.260962196773434664e-10
9.743787172303590496e-11
7.670737425414977829e-11
6.191685756311989370e-11
5.131992827544539963e-11
4.368786237289857770e-11
3.815656458501882991e-11
3.360855913865254677e-11
2.928267363056737399e-11
2.482809765047202796e-11
2.043035682446470669e-11
1.747493115782570737e-11
1.801719547186937364e-11
