nan
nan
5.156204061247556955e-08
3.348340229211992376e-08
2.174353779251799346e-08
1.411989979440806173e-08
9.169176500787071547e-09
5.954308725441980276e-09
3.866615387388130037e-09
2.510901962556381550e-09
1.630553083614786090e-09
1.058874872077637264e-09
6.876986998514877989e-10
4.468152918182617609e-10
2.907376085983815096e-10
1.901190588803560967e-10
1.260961134653143572e-10
8.622816345969963009e-11
6.191673216513997085e-11
4.720276677767737783e-11
3.815645056468106178e-11
3.145857103218672480e-11
2.482820853520620559e-11
1.848768356565801955e-11
1.801719547186937364e-11
