nan
nan
5.156204061247556973e-12
3.348340229211992751e-12
2.174353779251799304e-12
1.411989979440806270e-12
9.169176500787069130e-13
5.954308725441980182e-13
3.866615387388129982e-13
2.510901962556381725e-13
1.630553083614785845e-13
1.058874872077637435e-13
6.876986998514877028e-14
4.468152918182617934e-14
2.907376085983815490e-14
1.901190588803561178e-14
1.260961134653143536e-14
8.622816345969963479e-15
6.191673216513996150e-15
4.720276677767737481e-15
3.815645056468106127e-15
3.145857103218672335e-15
2.482820853520620574e-15
1.848768356565802284e-15
1.801719547186937099e-15
